1000 1 784
1 1 5.1443300174655835e-06
2 1 -9.4403118709796479e-06
4 1 0.00090320970750267914
5 1 2.7417639670816643e-05
6 1 -1.2819373264809341e-06
7 1 3.9086002954324595e-05
9 1 -0.014378942931714279
10 1 0.00050528410138366508
11 1 -0.00013947486470726963
12 1 9.3418787485089828e-06
13 1 0.00034483672661617554
14 1 2.8808769096754573e-06
15 1 -6.9869018647659119e-05
16 1 -4.2984030725986968e-05
17 1 -4.8881414665674622e-05
19 1 1.4249591138995319e-05
20 1 -7.3003198005783304e-07
21 1 -0.0011059705833439408
22 1 0.00025118720030869931
23 1 -1.4095844310490852e-05
25 1 0.00029741274900732447
26 1 6.8850382198693788e-05
27 1 2.6889494504956043e-05
29 1 9.9769402624738088e-05
30 1 4.0072336853334382e-05
31 1 0.0043560873600048617
32 1 0.00014712654758258713
34 1 -0.00021588239667233328
35 1 4.0454733869804982e-05
37 1 -0.00012227227652512928
38 1 -4.4794420901506009e-05
39 1 6.0317105672032016e-05
40 1 0.0020096540229716043
41 1 -4.4100200896855786e-05
42 1 -0.00054580913428729013
43 1 0.00021898722421772077
44 1 2.5480800197439688e-06
46 1 -3.5280638723937165e-05
47 1 -5.9216571265745005e-05
48 1 4.6274771424061697e-07
49 1 -0.00028202309755451059
50 1 3.7873229221317866e-07
51 1 -1.7240532577932243e-05
52 1 -3.0347585720354653e-05
53 1 -4.1082295152406087e-05
54 1 0.00048684484870054214
55 1 -3.2494265767388097e-06
56 1 1.7872076312326796e-05
57 1 2.0287245373678083e-05
58 1 1.4985947416133459e-05
60 1 1.1248072042787232e-05
61 1 6.9810500914193558e-05
62 1 2.3841482781669745e-05
63 1 3.4757517545215091e-05
64 1 1.0823212611995781e-10
65 1 -1.6501031811947275e-05
66 1 4.979941016638953e-05
67 1 1.0002884888091587e-05
68 1 -4.1224914426887364e-05
69 1 0.00056098454799421483
70 1 9.0324583415233223e-06
72 1 -4.7423671925968983e-06
73 1 0.00041557127828166127
74 1 -3.4405632746312505e-07
75 1 -7.7087247497933669e-06
76 1 1.7164942284344532e-06
77 1 -1.3097999703561686e-05
79 1 -3.8813936947788732e-05
80 1 8.4741050954893714e-05
81 1 -0.00010833500890483488
82 1 -0.00015742637079908697
83 1 -0.00013893382532114971
84 1 8.9631227906962734e-05
85 1 2.5357867082629034e-06
87 1 -4.2390755871508673e-07
88 1 -0.0031717701196519532
89 1 3.746216976472516e-05
90 1 0.00040138372974388305
91 1 -2.7582867080473958e-07
93 1 1.7481007944224232e-05
94 1 -0.00091734764430622914
95 1 -6.329564569557872e-06
96 1 -0.00012087275479668711
97 1 -3.6899486780506319e-05
98 1 2.208569108594452e-06
99 1 -8.076119605666844e-06
100 1 0.00011590055000703895
101 1 -0.0011179027649219865
102 1 -0.0013348819514216485
104 1 -0.001091329554450744
105 1 0.45800810581588253
106 1 -7.5472121161873488e-05
107 1 5.3133966661762112e-05
108 1 -4.9852292237964142e-06
109 1 -0.00056119468285247107
110 1 0.00010781286644985658
111 1 1.2057394582557761e-05
114 1 3.5616223259636723e-05
115 1 1.3750011225510377e-06
116 1 0.00054625666630676991
117 1 -8.0332784528770157e-08
120 1 -0.00026938212013186071
122 1 -1.1289764693079858e-06
123 1 1.5126954212672617e-06
126 1 7.7284061161193501e-05
128 1 3.9419405759352336e-05
129 1 -0.00012051318192165728
130 1 0.00030181553270515802
131 1 1.2795132527203787e-05
133 1 -0.00022093300569534842
134 1 -2.64044057749615e-05
135 1 -5.5763293963596054e-05
136 1 -1.5103059484374904e-05
138 1 2.4643570543481415e-06
139 1 -2.4874160023918944e-05
140 1 -1.9641119353681781e-05
144 1 -0.0002393916483212942
145 1 -6.1380353604198377e-06
147 1 -0.00041610326859815747
148 1 -1.652595351775132e-06
149 1 -6.2431438097100697e-05
150 1 1.2312669300803766e-08
151 1 7.0040875918833184e-10
153 1 -8.863827594869853e-05
155 1 -4.6227263083529418e-05
156 1 -0.00023102480602602785
157 1 1.138932804482251e-06
159 1 -0.00029566557439919869
161 1 -3.8886755511351029e-07
163 1 -5.0250263045528462e-05
165 1 3.9893182289707437e-05
167 1 -1.6108779962504305e-06
168 1 -7.5083301584707683e-06
169 1 0.0074524233884125856
170 1 9.5491572241699815e-07
171 1 -5.7212544176931605e-05
172 1 -1.5867707455263011e-05
173 1 6.3938003570867042e-05
174 1 1.7076114018367271e-05
175 1 0.0039123978020348515
176 1 0.00017728061845347011
177 1 6.1833352671449196e-09
178 1 -1.3592485286829081e-05
180 1 3.4487810592911294e-06
181 1 3.7915630692782131e-05
182 1 0.00011634426191177716
183 1 0.00016323383781427617
184 1 0.00010199924932801682
186 1 2.8915987791634518e-06
187 1 -6.6666827949758126e-05
189 1 -5.4029369942863494e-07
190 1 5.4144262632011952e-06
191 1 -3.4639635182910207e-05
192 1 0.00084350519216007229
193 1 -0.0014581740701684871
194 1 -0.0002078207761376191
195 1 -1.1853566059261134e-05
196 1 -1.0027824445515101e-05
197 1 -1.1902717721317381e-06
198 1 3.0511296881025141e-05
199 1 0.00020203514802727158
200 1 -9.551415337001033e-05
201 1 3.0621268053966058e-05
202 1 5.9307300556923987e-06
203 1 -0.0013448417751915323
204 1 -9.6475074696411356e-07
207 1 -2.4629449862153535e-05
209 1 -9.3846104350001644e-05
210 1 -9.791967139439972e-05
211 1 -8.6151487448504801e-06
212 1 -9.7935102061169065e-07
213 1 -0.019316243421933069
214 1 -1.5858383796102636e-05
216 1 -7.6578752497140362e-05
219 1 3.1807938155786416e-05
220 1 -1.0319870266251281e-06
221 1 -0.00020928029026902816
223 1 -0.00077081767525705603
224 1 1.3896897225391939e-05
225 1 2.2652254633056206e-06
228 1 0.0022242590993209522
229 1 -1.2426720755273769e-06
230 1 4.873754068491869e-05
231 1 -0.0034112037322964078
232 1 0.00013041686247861382
233 1 -4.1167414557150632e-05
234 1 -1.4309954870862352e-05
235 1 -1.160678893255455e-05
236 1 -2.8242770544204633e-05
237 1 -1.0406754812925669e-05
238 1 -4.6757995815540081e-06
239 1 -3.8252817404976739e-05
240 1 -2.3175090919058131e-05
241 1 2.1348534563608571e-07
243 1 0.00010685482140251026
244 1 5.035580192829251e-07
245 1 9.2794514600621531e-06
246 1 2.1190613016421535e-05
248 1 -1.5300784728731661e-05
249 1 5.8482053432420042e-05
252 1 2.3420835224120101e-06
255 1 0.00010208094399044824
256 1 0.00011930228458660433
258 1 -0.00018177720442291592
259 1 1.4160069838154181e-05
260 1 -1.6778351512648485e-05
261 1 -5.0845759390690133e-07
262 1 -1.9821266076398614e-05
264 1 -3.3276152673143711e-05
265 1 -5.2528849630282129e-06
266 1 -0.00073578060841655911
267 1 1.8601507605527747e-05
272 1 4.9740852375147488e-06
273 1 0.00029541669010479992
275 1 2.5006977896754973e-06
276 1 -1.6201138637351934e-06
277 1 -0.0005209823308857329
278 1 1.7281300324438207e-07
279 1 -3.3547320238342394e-06
280 1 -2.4301189413118829e-05
281 1 -0.00014158604929274341
282 1 -8.0045784162937926e-06
283 1 -0.00020808688699656405
284 1 1.0322748810287491e-05
285 1 5.6465949221983434e-05
287 1 -2.9601414430025067e-05
289 1 0.00011172186494425803
290 1 -6.0707721077757158e-07
291 1 0.0023359517906283993
292 1 1.1488971806662052e-06
293 1 -3.2258359160230536e-05
294 1 3.8818171476793251e-07
295 1 5.7428464940727082e-06
296 1 -1.3650227006231825e-05
298 1 -1.8093348508430542e-06
299 1 8.8570564845498093e-05
300 1 0.00053543859147990201
301 1 -3.5170561433951708e-05
302 1 -2.5558741743507139e-05
303 1 2.0485125667995806e-05
304 1 -1.9602530623429927e-05
305 1 1.2893754919381688e-05
306 1 0.00032082446413133156
309 1 1.4305960600342949e-05
310 1 0.0011902201897233257
311 1 2.8355343962045761e-05
312 1 0.00051690679645160836
313 1 -0.00095103414035634212
315 1 6.8706035744785272e-07
316 1 0.21247932857403301
317 1 1.1764249318926633e-05
320 1 -8.9301923392637456e-06
321 1 0.00032602864070218983
322 1 -1.4137728414040804e-05
323 1 -5.3274038926173595e-08
324 1 4.7039724914256913e-05
325 1 9.2711901325143974e-07
326 1 0.0001786780012167967
327 1 3.4249240498948898e-05
329 1 -8.2828070492862253e-06
330 1 7.4393795468511821e-06
331 1 -0.0040744817777421645
333 1 2.315482098380661e-06
334 1 -8.0983967802757131e-05
335 1 -0.0074110777864363972
336 1 2.8867111534314668e-07
337 1 8.285324814167351e-05
339 1 -1.6614841845227884e-05
340 1 0.00057594326106632187
342 1 0.00063386095567938207
343 1 -8.051204018027693e-05
344 1 1.6676962516863488e-05
345 1 0.00042919095815344876
346 1 0.00074979125162424724
347 1 -9.6956673182526268e-05
348 1 4.5757175468945074e-06
349 1 1.5619826753702565e-05
350 1 1.6700093373803572e-05
351 1 -3.1002465407403566e-08
353 1 0.00010114926398055836
355 1 1.353097733903573e-05
356 1 0.00053047882969181875
357 1 -0.0017509945745388599
358 1 -2.0139269401647161e-05
359 1 -0.00012067424327484648
360 1 -0.0026535842904653259
361 1 -3.295984712454491e-05
362 1 1.2463642392925989e-05
364 1 -0.00018622725181656995
367 1 -0.00038561198703569591
368 1 4.4524993058262261e-06
370 1 0.000110273009312299
371 1 4.7032068311487116e-05
372 1 0.0054766849809755056
373 1 -2.3743940894749936e-05
375 1 0.00086868180153247836
376 1 2.0743670510584407e-05
377 1 -0.00037911719758413557
378 1 -1.1670144840408983e-07
379 1 5.7117123722967325e-05
380 1 1.3744730246806923e-06
381 1 0.01340898205432867
382 1 5.6122097943444044e-06
383 1 -2.4160330246743532e-05
385 1 -6.6366719954649369e-06
386 1 -3.7068038991082076e-05
387 1 -0.00079887469495246979
388 1 -3.4986515166818391e-05
391 1 2.3521127119595162e-05
393 1 -0.028679488426602725
394 1 0.000140153667217157
395 1 0.0010088796350903506
397 1 1.1202389438197194e-05
399 1 -3.8985244585102172e-05
400 1 1.4941636278375648e-05
401 1 -0.00030722574712020961
402 1 2.0118957118891249e-05
403 1 -6.1155716562917095e-05
404 1 -0.00022249570231082499
405 1 7.7786695471504942e-07
406 1 -0.00010859619637581604
408 1 -2.8934261081705528e-05
409 1 -0.00059125375014156543
411 1 2.3978194975582859e-07
412 1 -4.5850180621725547e-05
413 1 -5.576037012990987e-05
415 1 -0.00024113718886227935
416 1 7.0048850452319205e-06
417 1 1.0019935644645525e-07
418 1 3.821643090825715e-05
419 1 -0.00016978821259414011
421 1 -9.9340030021700171e-06
422 1 -2.2231298755002261e-05
423 1 -2.9471772248977095e-06
424 1 3.4994264457161347e-05
425 1 1.6114740159697784e-07
426 1 -0.0019484896459876768
427 1 0.0016862861029291942
428 1 -0.00010191426015782835
430 1 0.00017737017642250198
431 1 7.0847929606993479e-06
432 1 1.9243595752273328e-05
433 1 -1.7896997462092296e-07
434 1 0.00022536718858659683
435 1 2.2832632469578742e-05
438 1 -4.0047476836473679e-05
441 1 3.7910130803107062e-05
443 1 3.2103966406611224e-05
444 1 -1.9754390124080163e-05
446 1 2.1336904002717786e-05
447 1 1.4791115130460186e-05
448 1 0.00059035261996671679
450 1 -1.1790043960658002e-06
451 1 -2.9242895723399243e-05
453 1 3.2004900840730745e-09
454 1 1.2853655548076855e-05
455 1 -2.6869547665112614e-05
456 1 9.2787527207085311e-05
457 1 -8.8057353882635351e-06
459 1 -5.9674760833247975e-07
460 1 1.3275897099057618e-05
461 1 4.3436160668305133e-05
462 1 -4.6368636996678831e-06
463 1 -4.3351242144093072e-05
465 1 -6.5043974693087731e-06
467 1 -0.00012323387280004094
468 1 -0.004255719018686847
472 1 0.00021605415106014359
474 1 0.00053237464290379418
476 1 -2.2710836463992336e-06
477 1 -7.0133567521893738e-05
478 1 -0.00020634286106899284
479 1 6.2854721704407018e-06
480 1 -0.00051991684216367011
481 1 8.0393669843048936e-05
482 1 -6.4230181147476603e-05
484 1 4.2653934163940403e-05
485 1 3.366815990751917e-06
487 1 -0.0011722768581373247
488 1 0.010999421427176704
489 1 -1.7912808105482047e-05
491 1 7.4952903051278785e-05
492 1 8.281099465174961e-05
493 1 0.0022801052014195804
494 1 -5.3776565932390223e-06
495 1 -8.6438274713533122e-06
496 1 0.00025078226564987044
498 1 1.0750102834849625e-05
500 1 -0.005641638122851643
501 1 -0.0003717352218780572
502 1 8.9144070253858876e-07
503 1 0.0029088403124029206
504 1 3.9414781792643751e-05
505 1 -3.228807398714398e-05
506 1 0.00022148939175278804
507 1 -6.0847169289518896e-06
508 1 7.9235209868337829e-06
510 1 0.00010902826891092291
513 1 0.00024935259706109891
515 1 0.00013568604675246043
516 1 -0.00014771988426872263
517 1 7.0680866089192779e-06
518 1 -8.1085480101196379e-07
519 1 1.803439538005723e-05
520 1 -0.00021762464111861797
521 1 -0.00020198742754650866
522 1 -0.00014081356714245173
523 1 5.0109967964960529e-05
524 1 0.0001308280984882534
525 1 3.3277466978421582e-05
527 1 -2.1475285108563904e-05
528 1 0.00019869147952206558
529 1 1.2825399394231263e-06
531 1 -2.4931283944053745e-06
534 1 6.7207168056318872e-06
535 1 -8.611385304745389e-05
536 1 -0.00017891120156087825
539 1 -7.3333591855369939e-06
540 1 1.9689417088483269e-05
541 1 4.3078767953650693e-05
542 1 6.2046018461502636e-06
543 1 0.0010251034647822174
544 1 7.7878491180248522e-05
545 1 -0.00015889028317352826
546 1 2.7779280754140442e-05
547 1 -2.7081358496566146e-05
549 1 -0.0038836374300936136
550 1 3.3813906954444295e-05
551 1 3.9659867879521024e-05
552 1 3.1867170285540095e-05
553 1 0.00029204192583209978
554 1 0.02594518458552485
555 1 -2.751275814980064e-05
557 1 0.00011162805277359681
558 1 -0.00010490867001804702
559 1 -0.00091616354864632282
560 1 8.1909009703529617e-06
561 1 -2.4505798316579211e-06
562 1 9.5270222606570279e-07
564 1 7.5137397078181695e-07
565 1 0.00012155776698979155
566 1 2.7309762791467874e-07
567 1 9.6763292512346845e-05
568 1 1.0430943748783043e-06
571 1 -4.0073189145143064e-05
572 1 0.0001586847396558565
573 1 6.9582776665196251e-06
574 1 0.00014625366842607097
575 1 4.3228548163282601e-06
576 1 2.2071026529376721e-05
578 1 5.7647965494832199e-06
579 1 0.00029038285507325184
580 1 0.00037138902121314454
581 1 -8.7177920747331266e-05
582 1 0.0031485313586542035
583 1 -9.6165306780857172e-05
584 1 -2.8259115460734844e-06
585 1 1.4207668040471411e-05
586 1 3.8158285828537098e-06
587 1 -3.9830452728047783e-05
588 1 -0.00022491346226682658
589 1 8.779535029498331e-05
590 1 -4.201546377284666e-07
591 1 5.3203181449100178e-06
592 1 5.0163336972187872e-05
593 1 3.220959733211454e-07
594 1 3.7477252604496918e-05
595 1 1.8143975089249022e-05
597 1 -5.734118172580217e-05
598 1 0.00023141083356918366
599 1 0.00033046139640321797
600 1 0.00087836921792928556
601 1 0.00045156084752225446
602 1 -0.00049436463928255415
603 1 -3.271498258884311e-06
605 1 -0.0024329451175165899
608 1 5.6001615635740484e-06
609 1 -0.0010130775328663884
610 1 -2.2518982474560376e-05
611 1 0.0016254439205643071
612 1 2.5605561170235772e-06
613 1 -0.00044207323071888082
615 1 -6.4182310888200454e-05
616 1 0.0004924365488955879
617 1 -0.0051503393581753413
618 1 -2.801529527536177e-08
619 1 -1.7523617712352475e-05
620 1 4.7562986775476871e-06
621 1 -2.1475215922599909e-05
622 1 -1.3108085848119628e-05
623 1 1.0844108940971304e-06
624 1 0.00015330656898640327
625 1 -1.4399918569052604e-05
626 1 -0.00027359367138048656
628 1 -4.1933531087830282e-05
629 1 -8.7696919259044928e-08
630 1 8.0804018094712693e-05
631 1 -5.1546111475335511e-05
632 1 1.2110428307196602e-05
633 1 -1.2654416355985892e-05
634 1 -5.5669049081061418e-05
635 1 -0.0001183173987298061
637 1 -1.2280129946035573e-05
638 1 0.00033259514795220364
639 1 -8.4677730231826344e-06
640 1 0.00015624448076500207
641 1 2.8735595561530997e-06
642 1 -2.2483476687508281e-05
643 1 -0.00022787833296201087
644 1 0.00020982117547094288
645 1 -1.5015336086877805e-05
646 1 2.3470571857879725e-05
648 1 -4.0593896606947803e-06
649 1 1.6828927877685695e-05
650 1 2.5744553728030387e-05
652 1 0.00090423337094062918
653 1 -4.9832412467160273e-06
654 1 6.8646949631029231e-06
657 1 4.7320057768205373e-06
658 1 -4.2678606343712041e-06
659 1 -0.072901249584177749
660 1 -2.555682992963456e-06
662 1 2.9252065677316994e-06
663 1 -0.0004625828281407288
664 1 -4.0043254617215804e-06
665 1 -0.00013150726501312643
666 1 2.7146144326586076e-06
667 1 -0.001425587810202407
668 1 -7.6792384518133391e-05
669 1 -2.5389891695924622e-05
670 1 4.0687529802656009e-05
671 1 -3.7313780709803324e-05
672 1 3.0310291598628372e-06
673 1 -2.0977199478608744e-05
674 1 0.00038442332567165599
675 1 3.7735565860329712e-06
676 1 -2.7990474829210118e-05
678 1 -4.2389997314754569e-06
680 1 0.00048881827473911006
681 1 -4.0919749698708276e-07
682 1 -0.0048995605712622804
683 1 8.4578672379001169e-06
684 1 -1.5240886300246844e-07
685 1 0.00033616959196100098
686 1 -1.1280405602221736e-06
687 1 1.0445930427034394e-05
688 1 1.0488859932689989e-05
691 1 4.4858938388478533e-06
692 1 2.9534176126430818e-05
693 1 -1.6946358922409959e-07
694 1 3.3178073158658053e-05
696 1 9.1540839315640668e-06
698 1 3.770390295456771e-06
699 1 -3.9326185309060051e-05
700 1 0.013938156163688833
701 1 0.00066644520035297433
702 1 6.0965393999708825e-05
703 1 -2.9986159666423317e-08
707 1 0.0016920379947806155
708 1 0.0005139421526143312
709 1 -0.0016312201531211363
712 1 1.336555849424624e-05
713 1 1.156852698360592e-05
714 1 0.00064555705396834959
715 1 -3.9816936677432167e-06
717 1 0.00062357092381503157
718 1 -3.0531000985036667e-05
720 1 0.00042581290908605445
721 1 5.5012376555838952e-06
723 1 -3.014441294820126e-05
724 1 -6.6427213338124137e-05
725 1 9.6393549257337675e-05
726 1 0.00018225928243731447
727 1 -2.4280117846487602e-06
728 1 -0.00012433103275144878
729 1 -9.6114376365375552e-07
730 1 -5.0919543532456786e-05
731 1 -0.003816167903522238
732 1 0.00028748122504027767
733 1 7.8700077087143542e-05
734 1 -4.3102502907493895e-06
735 1 0.00057661980393225313
736 1 1.8055345950614827e-05
737 1 -2.1282471261731496e-05
739 1 2.9401447169180335e-05
740 1 6.5848537009383749e-06
741 1 -6.4813183358204994e-05
742 1 4.5032700755126305e-07
744 1 -7.6241533202480967e-06
745 1 -1.4250025429637782e-05
746 1 0.035640059340986824
747 1 6.1357279694613216e-05
749 1 -2.1528834122484941e-05
750 1 2.490735297330022e-05
751 1 -0.00047315002448145059
752 1 -3.3559867751103376e-05
753 1 -6.6387557704076334e-05
754 1 9.8905877854120572e-07
755 1 0.00010044238763202558
757 1 5.1264385643494158e-05
758 1 -4.2574751197848543e-06
759 1 0.003315454166892723
760 1 -0.011037606974370454
761 1 -0.00099486839966773065
762 1 -0.00047867053136342797
763 1 0.00048164940161333396
764 1 0.00011636537074017866
765 1 -3.3552974183683544e-05
766 1 4.3092944526803958e-05
767 1 1.829697316321797e-06
768 1 -3.3702759032749106e-05
769 1 4.117140456086015e-05
771 1 1.6175730389242553e-05
772 1 1.0057281488051923e-05
773 1 0.00031934932504820962
774 1 4.0106272483167106e-06
775 1 -0.092305807965489053
776 1 -2.9983489770020412e-06
778 1 -2.1487778504089257e-05
779 1 -0.0010592084850525334
781 1 7.7791664008546905e-08
782 1 7.4183906196339558e-06
783 1 -4.2953391270005704e-06
784 1 -0.00033607884727627336
786 1 -6.7514654900969214e-06
787 1 1.9378188984819317e-06
789 1 0.00015607623317611072
791 1 -1.3876657627647517e-06
793 1 3.8928334741475806e-06
794 1 -3.0072920328222266e-06
795 1 1.0566850877948478e-07
796 1 6.6168238067976486e-05
798 1 0.00019316283266023807
799 1 7.0823681630147233e-05
800 1 -3.9016672364908257e-05
801 1 -7.3596868339145655e-05
802 1 7.4719134934176843e-05
804 1 -1.5834437134027694e-05
805 1 0.00030720164018436098
806 1 0.00028513541166076326
808 1 -7.0653456284980043e-08
811 1 9.5684409087369639e-05
813 1 1.1578382833236261e-06
815 1 -0.016363543293640159
816 1 -1.0836745000652707e-05
817 1 -1.2457475807384767e-05
818 1 1.12825175262154e-06
819 1 0.042169905000303917
820 1 -4.1203044821688722e-06
821 1 -2.7980554739277794e-08
822 1 -3.1481244728935419e-05
823 1 5.9957880698022853e-05
827 1 -0.00013433960608723682
830 1 3.158235923728951e-05
832 1 -0.00050247875342739664
833 1 -8.6281684821249129e-05
835 1 -1.6884901012285401e-05
836 1 -5.4412521770772279e-05
837 1 -0.00010880905867903786
838 1 -1.3622595613254478e-05
839 1 2.2803567167665496e-07
840 1 -0.00017410259197711138
842 1 -6.0665529383015807e-05
843 1 1.2584523090326461e-05
845 1 1.4720505880601562e-05
847 1 5.1961728611082159e-05
848 1 5.9161211098093932e-05
849 1 0.00037082118109790812
850 1 0.0048314079744862836
851 1 -4.1049635351481063e-06
852 1 2.2899316102698747e-05
853 1 -3.2063337882815085e-05
854 1 5.8032633515409988e-05
855 1 9.4550829109432444e-05
856 1 -5.3157820520540943e-05
857 1 1.4146213004769216e-05
859 1 -4.5240177308337914e-05
860 1 2.3149600038641138e-05
861 1 4.073789729780561e-05
863 1 -0.00010080189007070042
864 1 0.00014018502109949081
866 1 5.208679241020002e-07
868 1 -0.0013178237108669754
869 1 -1.0070201969566856e-06
872 1 -3.391745400095633e-05
873 1 -5.1027212829240428e-05
874 1 0.00019397452064301595
875 1 9.6034744825978437e-05
876 1 -0.00015317152243516388
877 1 4.6593987250383941e-05
878 1 8.7183762141468569e-05
882 1 0.00015250120099009805
883 1 -1.2677312750179296e-07
884 1 -3.4952195815213518e-05
886 1 -0.00015085193000962522
887 1 -0.0001223942142910465
888 1 0.00045736822400443652
889 1 0.00016187067942221743
890 1 -7.9992855791558172e-05
891 1 7.035975776391537e-06
892 1 -0.0019466602692754399
894 1 -2.2924170921592647e-06
895 1 -0.00014300075619354567
898 1 9.5551801905730347e-06
899 1 -0.00029286799258734699
900 1 -0.0017284906771451879
901 1 -0.0016545068759121898
902 1 4.8536011171108964e-05
904 1 4.7661729165420744e-07
906 1 -0.00013573383954116084
907 1 2.1286751452884931e-06
908 1 2.1595553394755797e-05
911 1 1.1326405513106972e-07
912 1 0.0016074285010620657
913 1 1.9408127916372937e-05
914 1 -0.00053034491026630784
915 1 7.7874181345822074e-06
916 1 -0.00018640298103802518
918 1 -0.0001179220245977825
920 1 -0.00014014928730157237
921 1 -0.00024000372811166428
922 1 8.5132126321580865e-05
923 1 -0.00093917207338042137
924 1 0.00060103993699860711
925 1 -3.4773619850101386e-06
926 1 -3.7477946820115677e-07
927 1 -0.00098295315506576942
928 1 -8.7739964984460714e-05
930 1 -6.0668782028640076e-05
932 1 -2.6834264030223216e-05
933 1 -0.00022815505064770368
934 1 3.7095109614072007e-05
935 1 -9.3977104580727201e-05
936 1 3.6022518759403212e-06
938 1 1.5520574677973591e-05
939 1 0.00016588213188487532
940 1 -0.0002387625158044427
941 1 -0.00042497095421542769
943 1 6.8812454803030514e-05
944 1 0.00039591092466618408
945 1 0.00075074549236852218
946 1 0.00018885452908323232
947 1 3.9364174217476638e-06
948 1 -3.8080356977240696e-06
949 1 2.8392473178316685e-07
950 1 7.8159558470667638e-06
951 1 0.0023456338496217729
952 1 -3.8519289719693569e-06
953 1 2.1872123093102209e-05
954 1 -0.00021840928999057539
955 1 -0.00086172370368789799
956 1 7.378950337753206e-06
957 1 5.2999192828464215e-06
958 1 -0.00034988696037365977
961 1 5.3733196362753996e-06
963 1 -5.9523881971409933e-05
964 1 -0.001938794281312305
968 1 -3.972583255163623e-05
969 1 7.9680518115084381e-06
970 1 -7.3658411515119947e-06
971 1 -3.5570693634910199e-07
972 1 -0.00029289796892577091
973 1 9.6742144832936314e-06
975 1 -5.8088442052957656e-06
976 1 -3.7364916575380573e-05
977 1 -4.9999626977139843e-05
978 1 3.2002740629996408e-05
979 1 -1.0803006819198329e-05
980 1 -2.6763775939842982e-05
981 1 9.7894376256003765e-05
982 1 -7.0622246984664368e-06
983 1 -0.00010770777682087857
984 1 7.0561230128094638e-06
985 1 -8.0741644306527207e-06
986 1 -1.8912999850213116e-05
987 1 4.9636013460804273e-05
988 1 -7.5105941646266732e-05
989 1 3.2812161402815577e-06
991 1 1.5774992425219596e-06
994 1 -1.0283959345041671e-05
995 1 -2.640503718248921e-05
996 1 6.5846544895884672e-05
999 1 -8.9771612851304967e-06
1000 1 2.900724918579093e-05
